0.000000000000000000e+00 1.000000000000000000e+00 2.499345549463147520e-01 3.675081653009202309e-01 0.000000000000000000e+00 0.000000000000000000e+00 0.000000000000000000e+00
1.800000000000000000e+02 1.000000000000000000e+00 2.540376104432493509e-01 3.625608378249748354e-01 0.000000000000000000e+00 0.000000000000000000e+00 0.000000000000000000e+00
2.700000000000000000e+02 1.000000000000000000e+00 2.527763485970097590e-01 3.692791024144427836e-01 0.000000000000000000e+00 0.000000000000000000e+00 0.000000000000000000e+00
0.000000000000000000e+00 0.000000000000000000e+00 2.566693326485818272e-01 3.701783863601551539e-01 0.000000000000000000e+00 0.000000000000000000e+00 0.000000000000000000e+00
9.000000000000000000e+01 1.000000000000000000e+00 2.569014653145330618e-01 3.660431875011067038e-01 0.000000000000000000e+00 0.000000000000000000e+00 0.000000000000000000e+00
2.700000000000000000e+02 2.000000000000000000e+00 2.569924791749547688e-01 3.629725862472236164e-01 0.000000000000000000e+00 0.000000000000000000e+00 0.000000000000000000e+00
4.500000000000000000e+01 2.000000000000000000e+00 2.483163098213923281e-01 3.725576979239599296e-01 0.000000000000000000e+00 0.000000000000000000e+00 0.000000000000000000e+00
0.000000000000000000e+00 2.000000000000000000e+00 2.545908527028252766e-01 3.714672047928486709e-01 0.000000000000000000e+00 0.000000000000000000e+00 0.000000000000000000e+00
9.000000000000000000e+01 2.000000000000000000e+00 2.548993980844146967e-01 3.701336601963073347e-01 0.000000000000000000e+00 0.000000000000000000e+00 0.000000000000000000e+00
1.800000000000000000e+02 2.000000000000000000e+00 2.597003504654040729e-01 3.600169104680328580e-01 0.000000000000000000e+00 0.000000000000000000e+00 0.000000000000000000e+00
1.350000000000000000e+02 2.000000000000000000e+00 2.559867519017060000e-01 3.670564726090113639e-01 0.000000000000000000e+00 0.000000000000000000e+00 0.000000000000000000e+00
2.250000000000000000e+02 2.000000000000000000e+00 2.622714010108367355e-01 3.619676081792803091e-01 0.000000000000000000e+00 0.000000000000000000e+00 0.000000000000000000e+00
3.150000000000000000e+02 2.000000000000000000e+00 2.560813645862800025e-01 3.692531228764592832e-01 0.000000000000000000e+00 0.000000000000000000e+00 0.000000000000000000e+00
